;begin autogen script
wait(2,6202375)
touch(80,5,277,5,96)
wait(10,3439614)
swipe(119,5,514,95,283,147)
wait(10,8572287)
swipe(143,5,462,103,259,180)
wait(2,3534521)
swipe(51,428,5,163,425,5,131)
wait(0,7560795)
swipe(42,421,195,5,414,5,149)
wait(5,3416582)
swipe(161,5,453,5,76,5,174,5,345)
wait(0,5880416)
touch(202,5,320,5,65)
wait(15,400497)
swipe(59,265,281,5,381,5,164)
wait(12,1803101)
swipe(180,5,292,5,30,257,5,130)
wait(2,8849751)
swipe(94,5,334,213,380,165)
wait(0,9160638)
swipe(127,5,341,5,217,360,78)
wait(10,0682501)
swipe(192,5,305,5,15,228,164)
wait(8,2284295)
swipe(104,5,390,10,191,249)
wait(0,8841134)
swipe(66,236,123,5,404,5,181)
wait(0,6728921)
swipe(99,278,0,223,5,167)
wait(0,7639999)
swipe(160,5,269,5,118,263,5,316)
wait(0,6520983)
swipe(204,240,5,35,223,5,165)
wait(1,3646708)
swipe(106,398,73,271,5,182)
wait(2,6682391)
swipe(51,5,292,5,239,5,350,216)
wait(0,8639952)
swipe(236,358,5,120,211,5,483)
wait(0,5480864)
swipe(221,5,307,15,248,183)
wait(0,7039952)
swipe(81,5,315,5,191,5,316,149)
wait(17,1396457)
touch(137,5,319,81)
wait(13,5949013)
swipe(267,5,322,94,305,209)
wait(2,0366482)
swipe(71,5,331,5,318,251,165)
wait(0,8726238)
swipe(166,436,299,137,183)
wait(1,3280477)
touch(44,21,99)
wait(1,1648132)
swipe(153,5,413,235,160,197)
wait(2,7161903)
swipe(66,196,5,313,145,215)
wait(1,5768301)
swipe(202,239,5,220,5,459,415)
wait(0,8720664)
swipe(71,204,318,5,181,5,280)
wait(2,4368872)
touch(200,176,81)
wait(5,8809151)
touch(85,5,42,47)
wait(8,2298816)
touch(114,5,398,5,82)
wait(0,9449022)
touch(288,5,544,5,97)
;end autogen script