01 341300 878192 4|F1HJWYERDTWF
01 341600 380451 8|C38KK9XPDTWF
01 342000 080888 6|F2LJTWVFDTWF
01 343200 983568 7|C38KLKZBFH1C
01 362500 994596 4|F18LCE29DTWF
01 362600 483786 7|C38KRH60DTWF
01 383600 647497 9|FFMNKFQBG07J
01 383700 648924 9|FCCNM0NCG07K
01 383800 690336 1|FCDP2097G07N
01 388900 383072 7|FCCP43SSG07L
01 389300 381225 5|FCCP62DAG07J
01 397900 105066 5|FCJNT0HUG07L
01 397900 109308 7|FCFNT0P5G07L
01 399200 107982 4|FCFNT5BKG07J
01 399500 113959 7|FCGNR26SG07N
01 399800 111273 9|FFMNN2LWG07M
35 200106 571747 4|F2LMKC0WFFDR
35 200306 481158 9|F2LMHAG1FFFW
35 202706 166744 7|F97PD1P1FFFN
35 799305 173613 5|F2LLD29DFFFR
35 799305 225585 3|C39LF45TFFFT
35 799505 032275 9|F73L9HR3FM1R
35 799605 543201 5|F73L7015FM21
35 853805 948019 1|F8RN305QFM1Y
35 854105 549777 1|F73M40F0FFHM
35 875605 559733 5|F17LPB5KFFFT
35 875605 944475 7|F18LR3PSFFDR
35 875805 195515 2|F17LL3TWFFFR
35 875805 998272 9|DNPLTAEGFFFW
35 876005 815208 0|DNQLQFT3FFDR
35 880705 422325 6|F18M2TKGFFDR
35 880805 745700 8|F2LM90QJFFFW
35 880905 402809 9|DNPM44FBFFDR
35 881505 014257 8|FFMMXBDHFFHM
99 000227 637077 0|F2LJLKBUF8H6
99 000228 176609 5|F17JL1WEF8GN
99 000228 675948 3|F2LJNEPEF8H2
99 000228 748649 0|F17JJ4JYF8H2
99 000273 145759 2|F17JP06RF8H6
99 000273 282701 7|F2LKT942F8GH
99 000274 457979 6|F2LJPWXHF8H6
99 000274 518906 6|F1DJP34FF8H2
99 000277 522919 6|F2LKG516F8H2
99 000278 653655 5|F19KQDTWF8H4
99 000278 711362 8|F2LKTGL0F8H2
99 000279 007573 1|F2LKV1S1F8GH
99 000279 593355 3|F17KKKHDF8H6
99 000280 711359 0|F17L66LGF8GJ
99 000282 757260 1|C7GMG1NQF8GJ
99 000283 117127 5|C7GKF0G4F8GL
99 000283 688168 8|C7GM12TTF8GJ
99 000286 553053 7|F2LLC1SBF8H4
99 000287 995344 4|DQGNF1ZWF8GL